image: map.pgm
resolution: 0.300000
origin: [-33.300002, -25.500000, 0]
negate: 0
occupied_thresh: 0.65
free_thresh: 0.196

